95.2373325167
168.34307544
168.342499215
168.342270867
168.342270866
168.190520659
73.4653279937
73.3699939501
73.1234813625
72.7352741376
72.6765081147
72.4986583404
72.5099452212
72.4952487195
72.1765911007
71.9945575015
71.9989686353
71.9495919497
71.9593213922
71.9583507427
71.9580637712
71.3270495731
71.3190756327
70.7088847724
70.5328521949
70.5297023341
70.5136978411
70.5132872236
70.512025004
70.5101617429
70.5095919819
68.4327675033
68.2971938831
68.2950731895
68.2606555284
68.2519812393
67.9384494155
66.0004661465
55.0547847693
50.2989754928
47.6534363174
47.575736394
46.6950871721
46.6950844926
46.6924066109
46.6787363769
46.6962303482
46.5986669842
46.2745301321
46.2745296934
46.2745296934
46.2745296934
46.2745296934
46.2745296934
46.2305471044
46.1178206741
45.9949566252
42.3872867813
42.3844210513
42.3947242197
42.3947242197
40.2935223544
40.9483329156
40.9471293889
40.908218357
40.8462046755
40.8451894655
40.5135542236
39.5105291035
38.787515735
38.1381503484
38.1582821086
38.1677715973
38.0640390504
37.9973637664
37.9956903126
37.9956907405
37.9916342727
37.9869994942
37.9888602396
37.5879922079
37.3127750592
37.3181337001
36.8664320156
36.8666399649
36.6343526466
36.3255033673
35.9590825946
36.2166220267
36.1225063716
36.1225063716
35.8295309528
35.8299816311
35.7961488659
35.8351418469
35.8068040992
35.768150223
35.768150223
35.4591134375
35.4293616861
35.4668968416
35.445380932
35.4456992068
35.7586490156
35.6797202342
35.54648892
35.4884063355
35.4583134961
35.9255769862
35.9195262944
35.9095035101
35.7462178043
35.7380361816
35.693353495
35.6874729606
35.6882058787
35.6882058787
35.6882058787
35.6882058787
35.6882058787
35.6883100878
35.5027699353
35.5533743227
35.5589913029
35.5679901205
35.5663393022
35.5679414346
35.5679414346
35.4759548695
35.5458723859
35.6176214802
35.4150822875
35.4006946719
35.1758288958
35.0370125695
34.5360899252
34.5492876138
34.5382685694
34.5268633384
34.5712867251
34.5116274279
34.5086236408
34.5081733439
34.5448040685
34.545401797
34.7613135184
34.7926089708
34.7663243282
35.0295644887
35.015175051
34.6104471628
34.6054503864
34.6126545851
34.5637874996
34.5385018315
34.5463491163
34.5443604127
34.4869158515
34.5267635264
34.5234441091
34.5097922727
34.3423917927
34.3027734432
34.2945307889
34.2683660872
34.1890250165
34.3584197776
34.363267492
34.2369010829
34.209719817
34.2545908023
34.1764226928
35.1833680356
34.845118457
34.8300091454
34.8164071735
34.7940029917
34.7940029917
34.7940294775
34.7780919404
34.5370920373
34.4658073787
34.4658073787
34.4658073787
34.4658073787
34.4658073787
34.4338709128
34.3230662986
34.3149844898
34.3142891377
34.3105286974
34.3107652415
34.3589721125
34.3172211316
34.3188561955
34.3308231217
34.3233705454
34.3344187534
34.3344187534
34.3266051824
34.5087231057
34.5182035147
34.5345459111
34.5345947425
34.5289213744
34.5045575935
34.5047629324
34.5039536378
34.5032279037
34.5011597084
34.5011597084
34.5008630045
34.4775600931
34.459454035
34.4698452782
34.4745206268
34.4746571715
34.4730461484
35.1438151692
34.6150268746
34.5612787968
34.4723055589
34.4685181658
34.3090517972
35.7426254163
35.5466113523
34.3132630824
34.083409806
34.0823020818
34.0776613459
34.0982711701
34.0758718814
34.0725335539
34.072530398
34.0771000434
34.1058309666
34.1873755108
33.9006157974
34.0351569977
33.9710096795
33.9551333112
33.955031359
33.953616905
33.9480158214
33.9416009609
33.9391269189
33.9395356687
33.7538059012
33.7538059012
33.7538059012
33.7538059012
33.7538059012
37.5273257312
37.5291267844
36.2045913332
36.3639918631
36.3839986234
36.3526867117
36.3477374091
37.1791328734
37.1400949655
36.4857519336
36.4345935495
36.421895406
36.4570743234
36.2532878227
36.0214292152
35.229885408
35.1975694103
35.1801100952
35.067289389
34.9011345864
35.0005842434
34.9689442484
34.8725377768
34.8804182526
34.8804182526
34.880462413
34.8653160988
34.5235189356
34.5247030286
34.5049631871
34.5003582374
34.5098791859
34.5052909434
34.9808925636
34.9671824712
34.3268092316
34.3180824532
34.3069382977
34.3023222881
34.1698341917
34.20301081
34.2060635586
34.2058230794
34.205299976
34.1443289044
34.1141770077
34.1143472316
34.1078719172
34.115390637
34.4718131177
34.3537243452
34.2349071736
35.391544754
35.391544754
35.391544754
35.3661075246
35.3618190178
35.2763009497
35.2633593788
35.2459840793
35.2404126412
35.2418423072
35.2418423072
35.2418423072
35.2418423072
35.2418423072
35.2405881921
35.2374485073
34.9010698441
34.8899694366
34.8902373799
34.8688204951
34.8688187438
34.8644231681
34.4950621332
34.4948585412
34.5031473176
34.4707494948
34.8072499773
34.8072499773
34.7377003435
34.7414818283
34.7354666999
34.7349585487
34.7299871095
34.7245786769
34.6839909139
34.6675027011
34.6675027011
34.6548220022
34.6447964545
34.6332077718
34.9553403268
34.9186574414
34.894715641
34.894715641
34.9049395507
34.8690012418
34.7223438984
34.5795951482
34.2166753074
34.4601479148
34.4551743862
34.4001401124
34.1360675102
34.1360675102
34.3115078188
34.4189098685
34.4189098685
34.487462662
34.4497849604
34.4491957995
34.4456038808
34.4338601845
34.4455054161
34.4467322958
34.4448915935
34.4742873891
34.4750311849
34.513586597
34.8569128757
34.7477508798
34.6935978154
34.2788873523
34.2788873523
34.2545154251
34.0790991855
34.2446152133
34.2446152133
34.2446152133
34.2446152133
34.2446152133
34.2372325219
34.066763771
33.9884859596
34.024506039
33.8167961908
33.8220493643
33.8220493643
34.2010588648
34.1619019807
33.8162136501
33.7753192188
33.8687527859
33.8777143363
33.8777143363
33.8493429701
34.1196531026
34.1182729771
33.9287381167
33.9086900273
33.9200124523
33.9860918463
34.0926929423
34.0745003174
34.2411401302
34.2054951609
33.9170802776
33.6192367546
33.6102281036
32.9782728401
32.9782728401
32.9674065043
32.8530129115
32.8924703383
32.7969018514
32.7491359372
34.0318485331
32.8796446472
32.8809128028
33.1187336888
33.1187336888
32.9913688798
33.007360446
33.007360446
33.0223127112
33.0148450794
32.937410079
32.9340722364
32.8458148005
32.8574669219
32.8551113778
32.8550602255
32.9307485566
32.9104292533
33.0581108229
33.0291217878
32.8712220988
32.8156978477
32.5197326415
32.5197326415
32.5197326415
32.4701675806
32.4653579055
32.4653579055
32.4653579055
32.4653579055
32.4653579055
32.4653579055
32.47039286
32.4327759845
32.4228346873
32.4146637632
32.3401851619
32.3348281194
32.2229302677
32.1496872381
32.0950968581
32.0790727849
32.0790386111
32.0622163025
32.0622163025
31.9576365996
31.9550382941
31.9476164206
31.907857513
31.7341339031
31.7341339031
31.6794339226
31.6559060838
31.6422623202
31.6422623202
31.6417460791
31.6644469178
31.6466205462
31.7858467104
31.5843649902
31.5843649902
31.5165359454
31.5294137229
31.5298665632
31.3171751774
31.2970232101
31.2088364535
31.2091508065
31.207675563
31.207675563
31.1358193519
31.124485506
31.124485506
31.124485506
31.1553322832
31.1572033018
31.1643377916
31.1093940432
31.1368391555
31.1727631305
31.1122854329
31.0275486191
31.027261381
31.0276870761
31.7143497448
31.7013243944
31.0608398186
31.085320013
31.0843631599
31.0843631599
31.0843631599
31.0854802858
31.0854802858
31.0854802858
31.0854802858
31.0854802858
31.0854802858
31.2633434936
31.2648205992
31.2506444312
31.2356414607
31.1987781214
31.195770494
31.195770494
31.1784469911
31.1190935785
31.1205312234
31.1201546831
31.0888527981
31.0888527981
31.0600671561
31.0544505662
31.0547445733
31.0547445733
30.9420765292
30.8825901855
30.8825901855
30.7736420455
30.925265545
30.8713594725
30.8118057933
30.8093680431
30.9839035208
30.9184544645
30.9161249724
30.7733519556
30.7607440452
30.7576138423
30.7562128606
30.7599939389
30.7483372574
30.9080357276
30.8744277164
30.8739535407
31.3356426452
30.8732257091
30.868788871
30.7803147372
30.7900582429
30.7827159617
30.7714233084
30.7539806066
30.7517618263
30.7342381378
30.7256480662
30.7064716903
30.7003286332
30.6449855701
30.6465463765
30.6465463765
31.1551889174
31.135614397
30.9469903963
30.901271959
31.1631400748
31.1470964286
31.1440843659
31.0775509816
31.0165195343
31.0165195343
31.0165195343
31.0165195343
31.0165195343
31.0165195343
31.0019722412
30.9328900404
30.9328900404
30.9327084172
30.9327084172
30.904716342
30.9059288242
30.8167640887
30.7611566553
30.7504600848
30.7504600848
30.7053939697
30.7053939697
30.7053939697
30.6760731551
30.6601218652
30.6601218652
30.6703875137
30.6482285845
30.6491066221
30.6403236846
30.6144622912
30.6530692309
30.6448156631
30.6966482287
30.6084884935
30.6080752531
30.5747632063
30.5747632063
30.579244752
30.579244752
31.027588381
30.6822622272
30.6786867795
30.6774506628
30.4971727316
30.4981245957
30.4981557039
30.4944730594
30.4733198037
30.3755436756
30.3755436756
30.4218096087
30.4218096087
30.4200654203
30.420324394
30.6146209203
30.6146209203
30.4413639327
30.4413700477
30.4310411833
30.4363808776
30.4364482455
30.6023682355
30.6023682355
30.5751226648
30.5752558879
30.5746716851
30.5746716851
30.59345696
30.7458292252
30.7458292252
30.7458292252
30.7458292252
30.7458292252
30.9617332317
30.6959595322
30.2483210912
30.297291073
30.2972935698
30.2948887331
30.3062652669
30.3020133664
30.2950612397
30.2625764813
30.2570582956
30.6898555799
30.6887261786
30.6675335422
30.6891023011
30.6762804015
30.6762804015
30.6090695573
30.6093454933
30.5420445475
30.5371423423
30.5388012974
30.5186759517
30.5186759517
30.4985161602
30.4985161602
30.5542673442
30.4789795761
30.4447321532
30.450698397
30.4412374031
30.4402530531
30.8524295467
30.7194960636
30.4229855905
30.4309658471
30.4326113183
30.4128547604
30.3421231208
30.3238089903
30.3204915817
30.3946833477
30.3966788387
30.4476962961
30.4499496707
30.4535988583
30.4414956309
30.4425204042
30.4422633689
30.441939528
30.4363674839
30.4359270198
30.4359270198
30.7840440541
30.8380856411
30.8420296724
30.8420296724
31.2105846756
31.2105846756
31.2105846756
31.2001371499
32.0236475864
32.0236475864
32.0236475864
32.0236475864
32.0236475864
32.0308257593
32.0308257593
32.0333409971
32.0281783401
32.03909555
31.9901818696
32.0840121414
32.0149702123
31.8899889579
31.883774259
31.8839382779
31.6485154514
31.6419624128
31.6355532565
31.6181572133
31.6027802534
31.6018753789
31.4866845475
31.4238166734
30.8911856478
30.8911856478
30.9839142302
30.9839142302
31.1291260609
31.1291260609
31.1610824864
31.1298958762
31.3254453127
31.2029537825
31.1919438851
31.1648797094
31.1076496438
30.9660195555
30.9660195555
30.9721793643
30.7850678831
30.7508122026
30.8926624108
30.8926624108
30.7268681351
30.6999646055
30.0953862263
30.0913778401
29.9523877115
29.9467575348
29.8594749307
29.857455384
29.6370619411
29.5234799227
29.5247067591
29.5411041347
29.460412484
29.4615425799
29.457207191
29.4419560738
29.4024936112
29.2556865986
29.2556275348
29.2571199217
29.2567685428
29.2531884455
29.5076948939
29.5076948939
29.5076948939
29.5076948939
29.5076948939
29.488491115
29.4602368488
29.4970825293
29.4963667984
29.4861177941
29.4832884346
29.4039555308
29.406885926
29.4070085805
29.4069018661
29.3956448454
29.3096340507
29.2501597173
29.2501597173
29.2501597173
29.2473291115
29.2456414471
29.2116715646
29.2103508316
29.1792326443
29.1616966001
29.1607739898
29.1613665294
29.1486030398
29.1395135441
29.1786518437
29.1786518437
29.4471617217
30.1646692043
30.0879240164
29.5206064835
29.7853946045
29.78308458
29.508478979
29.590729446
29.6175213599
29.6175213599
29.5588813288
29.5588813288
29.5589604248
29.553099155
29.5360361156
29.5360361156
29.4128072942
29.4128072942
29.4128072942
28.9547637569
28.8755378754
28.8625300448
28.8411046144
28.7809072486
28.7762189802
28.786081031
28.7817841465
28.8483367838
28.8163902805
28.701765955
28.701765955
28.7014964792
28.7010495849
28.6813537144
28.688469439
28.688469439
28.688469439
28.688469439
28.688469439
29.6416181996
29.5899183585
29.5445325024
29.5475512282
29.5618383606
29.5626821265
29.5633694536
29.5611223436
29.6462536193
29.6487726437
29.6481691573
29.9515153732
30.157307112
30.1532786106
30.1512654037
30.1452186431
30.1438536985
30.1462560905
30.1453603563
30.3243388383
30.3198285863
30.3191991643
29.9620340602
29.9612437734
29.8749186443
29.8749186443
29.8749186443
29.8158120928
30.2657179809
29.836980507
29.8025188538
29.6359894091
29.6359894091
29.6406138777
29.6199216704
29.6199216704
29.593494526
29.6405888139
29.1282645607
29.101660402
29.873278172
29.7117584156
29.7094186505
30.0256607226
30.0120401871
29.5758254739
29.5758254739
29.5149496516
29.5144419679
29.3174369288
29.3168682112
29.2290091618
29.1620246741
29.1731120073
29.1464141705
29.098850793
29.098850793
29.0193197139
28.5954876153
28.5941770514
28.5305732627
28.5276136237
28.5276136237
28.5276136237
28.5276136237
28.5276136237
28.4914476934
28.4915403537
28.4321826181
28.44379903
28.3519482982
28.3456713026
28.3466053329
28.3499324845
28.3428233295
28.3411798716
28.3181292799
28.3123123826
28.3123123826
28.3123123826
28.3058305566
28.3058305566
28.3003139418
28.2690231396
28.2704322909
28.0709206758
28.0620169682
28.0561318257
28.0561318257
28.0567131376
27.5000785102
27.7018359698
27.5404105655
27.8303217164
28.0123965754
27.9552536392
27.7651515122
27.6869700491
27.6441505869
27.6444818808
27.4077064914
27.412982529
27.3995880369
27.3061798615
27.495930161
27.495930161
27.3656175555
27.551768324
27.551768324
27.4789695938
27.4789695938
27.4474862608
29.6543129034
29.6543129034
27.6844206645
27.7555145358
27.6938527031
27.6607823595
27.6579997496
27.6579936046
27.7232664132
27.7220882375
27.8468323234
27.7975482421
27.6493863064
27.6489996048
27.597368502
27.4872714697
27.4872714697
27.4872714697
27.4872714697
27.4872714697
27.5988702477
27.5942074255
27.5936996264
27.4982990273
27.4962594443
27.4732591384
27.4731954905
27.4731954905
27.4603369189
27.4603369189
27.5544863566
27.5268050867
27.5268050867
27.5268050867
27.5264251734
27.51913482
27.51913482
27.2664655203
27.268121173
27.2798627541
27.564545351
27.5606307297
27.5584186396
27.5584186396
27.3135617388
27.542091981
27.397041566
27.3846474344
27.530451812
27.2407752899
27.2430576777
27.2380468452
27.2383675475
27.228427974
27.2195406494
27.1884673091
27.1884610019
27.1884610019
27.1884610019
27.1874164263
27.1856925827
27.1818901353
27.1818901353
27.4729665449
27.4729665449
27.4755180475
27.4755180475
27.6046156005
27.6049743601
27.4678277392
27.3594671703
27.3562563506
27.9005893453
27.8652185924
27.8673952427
27.854764006
27.854764006
27.842255516
27.8417979367
27.8403959438
27.8403959438
27.821794943
27.821794943
27.821794943
27.821794943
27.821794943
27.9844954133
27.9905035126
27.9336462743
27.8541928788
27.8325782391
27.7484531863
27.7479346832
27.7376037313
27.7415203285
27.6601355241
27.6311948733
27.5792178267
27.5814958494
27.5814958494
27.5814958494
27.5779516845
27.5030578775
27.5137727798
27.5133207834
27.488917323
27.479608198
27.4780233948
27.4778984208
27.4792628182
27.4792904634
27.4796008201
27.4610156797
27.5029917391
27.1135158304
27.1135158304
27.0933573471
27.0885591366
27.1185525756
27.1185525756
27.1128428327
27.1179434603
27.1179311653
27.3954964047
27.3951717834
27.0168092474
27.1142889568
27.0690895923
27.0651813676
27.2878003725
27.237801045
27.262593791
27.2756646724
27.2753324919
27.2681895482
27.1858562614
27.1739012481
27.1555779016
27.8882290044
27.8881171313
27.8853632057
27.8876368877
27.7892392635
27.7144925412
27.8577442444
27.8553609525
27.8138799042
27.8298257294
27.8298257294
27.8298257294
27.8298257294
27.8298257294
27.8038172816
27.8042020729
27.8037034489
27.7584833009
27.7504000408
27.7496647679
27.7498500355
27.7493990367
27.7447294302
27.7435535085
27.7820648057
27.7789024233
27.7433906601
27.7433906601
27.7430188345
27.7437331382
27.7052692315
27.6960141739
27.6831308201
27.6831308201
27.7025979822
27.6538655822
27.6542921135
27.6554417602
27.6570249002
27.7183084143
27.5554250491
27.5481008003
27.7162019544
27.6401054206
27.4062596739
27.4078389856
27.3954315016
27.373069534
27.3694488071
27.3669979595
27.348826735
27.347126532
27.2687976838
27.5356992411
27.3388328478
27.2117534604
27.2123808172
27.5044596391
27.4204580938
27.8198074959
27.8195753844
27.7029362727
27.648960862
27.608565972
27.5787094395
27.5619378669
27.5497016988
27.5192269285
27.5180697223
27.5103463829
27.5087815443
27.5061154903
27.5409394967
27.510353415
27.5103318731
27.4997345099
27.4997345099
27.4997345099
27.4997345099
27.4997345099
27.4997345099
27.4997345099
27.4997345099
27.4781604205
27.4869750439
27.4857086179
27.4782479843
27.4783039937
27.3827008996
27.3826903436
27.3735781976
27.3697156992
27.3775555011
27.3775555011
27.3777095507
27.3775903481
27.3869694515
27.3869694515
27.3760112083
27.3657560076
27.3620268736
27.3303823371
27.3303823371
27.3462795072
27.2990084046
27.2990084046
27.2946695175
27.2982602807
27.2987247041
27.2987211806
27.2987211806
27.2985361498
27.3065443709
27.2908279846
27.2909719681
27.2907920705
27.2907521096
27.2907641405
27.2940179304
27.2993073714
27.5755823905
27.5575260978
27.5575260978
27.5575260978
27.5480972622
27.5480972622
28.0520201411
27.8349734789
27.8197350781
27.8156388262
27.7851984722
27.7350921387
27.7262283006
27.7233180785
27.722524764
27.7251978757
27.7300691774
27.6615079253
27.5382360266
27.5373501297
27.4848299257
27.4809945858
27.4809945858
27.4809945858
27.4809945858
27.4809945858
27.4506890074
27.4491862662
27.4605658379
27.4973184342
27.3714069538
27.3700171236
27.368732495
27.368732495
27.3726525235
27.3726525235
27.3743247037
27.3797011301
27.372925313
27.372925313
27.3727666057
27.5404699536
27.5399466393
27.5384026931
27.5281800593
27.5298128055
27.5297803236
27.6036575245
27.6231685648
27.803451224
27.7930777583
27.7805508933
27.8093433331
27.9570486289
27.9666071106
27.8579952166
27.8562571852
27.8562571852
27.839847336
27.7265330452
27.7249488522
27.6907899718
27.6883833236
27.6933113165
27.908991113
27.8604732148
27.8308729541
29.103437024
29.103437024
28.2365082497
28.2134562939
28.2134562939
28.7059222808
28.7051572245
28.6933470212
28.6924160011
28.5536291259
28.5358059779
28.5464104596
28.5456428311
28.5708008729
28.548731198
28.6013424811
28.3936016107
28.7057250509
28.6974736857
28.6974736857
28.6404730597
28.6404730597
28.6404730597
28.6404730597
28.6404730597
28.6407710661
28.6402396968
28.6772254214
28.6772185237
28.6764727545
28.6049449076
28.6050973379
28.4798909156
28.3724300581
28.3748612842
28.2646926359
28.2623842243
28.2643552201
28.2643552201
28.2645117809
28.5689759464
28.27732741
28.2655664765
28.2791448657
28.2597777688
28.2428578946
28.2428578946
28.2435809249
28.2715875011
28.2705839992
28.2330722832
28.1647211848
28.9047952527
28.9222589381
28.594605487
28.4847440033
28.4847440033
28.4847282917
28.4516553563
28.451795426
28.4531379178
28.449139756
28.1107152966
28.7037591314
28.6548787276
28.2281547878
28.2281255059
28.212407437
28.1878613178
28.0728580266
28.1045766086
28.592419508
28.6252579763
28.5780068612
28.6904279739
28.5782686936
28.5663909099
28.5707017546
28.4638098711
28.4770796653
28.4752649638
28.5081565871
28.4017894437
28.4023438066
28.4023731097
28.3666133327
28.3203219868
28.3203219868
28.3203219868
28.3203219868
28.3203219868
28.3144389709
28.3259781634
28.3273553765
28.3273518324
28.2993952637
28.2656844406
28.2656844406
28.2415021502
28.2348878402
28.2312125377
28.2313397516
28.2298089474
28.209273221
28.209273221
28.208329637
28.3809334108
28.3809334108
28.3764428117
28.3636486221
28.0965865652
28.0940320805
28.0940356012
28.0719808702
28.0280684326
27.6069789849
27.6069789849
27.0748849028
27.0747409053
26.8288077819
26.8287383403
26.8547605447
26.8581653992
26.6714081991
26.6710835416
26.6707632597
26.6704938759
26.6708418131
26.7085470579
26.7085470579
26.4532335599
26.5792882961
26.5278255613
26.4836962715
26.3819329648
26.3185154057
26.3118548292
26.0052040924
26.0051173114
26.0051173114
26.6058036142
26.1430906448
26.1382297359
26.1438177572
26.0779750011
25.9102567812
25.9098254713
25.8907950809
25.8786880901
25.904202369
25.9042967762
25.8733652925
25.8448657186
25.8448657186
25.8448657186
25.8448657186
25.8448657186
26.2547232913
26.2546997286
26.2546997286
26.1277309815
26.124852957
26.1389005876
26.1590955289
26.1590955289
26.1568719904
26.115418307
26.0828804024
26.0844697188
26.0844591372
26.0802025697
26.0787154414
26.0847309524
26.0489264582
26.0489264582
26.0274032601
26.0270263374
26.0270182758
25.9976733628
25.9865751228
26.1658711037
26.165742916
26.165742916
26.2140192702
25.9571637158
25.943032648
25.9419427347
25.6812574209
25.6806945113
25.6780475876
25.6782990708
25.6769016484
25.676188169
25.6751190229
25.8599745696
25.8781490803
25.7971097111
25.3826276812
25.610921435
25.6101980362
25.4031832201
25.4013808553
27.3021100989
27.3562363848
26.9050520974
26.6614647268
26.9554470875
26.9371934526
26.9151156314
26.7636746589
26.8152790175
26.4470987798
26.4385544966
26.1591227888
26.1569473793
26.1569473793
25.7437798361
25.7433350159
25.7431874457
25.7431874457
25.7431874457
25.7431874457
25.7431874457
25.9327326532
25.932144109
25.9372099438
25.900848251
25.8987272525
25.8605288184
25.7677136608
25.7666073487
25.4572909241
25.3414649921
25.5891256869
25.6109104343
25.6188273871
25.6188273871
25.6181769119
25.6215966078
25.4758411919
25.5492142182
25.5104596455
25.4406648088
25.4238106291
25.4235575117
25.4060066227
25.2154210281
25.2154210281
25.2130657863
25.2019240812
25.4948475342
25.4949074651
25.4949074651
25.4949074651
25.8073196352
25.8107266394
25.8089125022
25.4739592973
25.4739592973
25.4633410436
30.8161950982
27.6121695986
27.2802810524
26.6936633822
26.6936633822
26.6909688887
27.055140741
26.6706065596
26.6706065596
26.7358220423
26.7358220423
26.9824520575
26.9824520575
27.03716323
27.0325390217
27.0339337603
26.9909649681
27.0696685589
27.066704909
27.0060384513
26.6676526038
26.6675289956
26.5860593682
26.5855999988
26.5861727378
26.5861727378
26.5861727378
26.5861727378
26.5861727378
26.5861727378
26.5719985337
26.5719932976
26.5709110252
26.5633433984
26.4969377987
26.519545823
26.519545823
26.5586922042
26.5593009829
26.5594800589
26.5408077007
26.5408077007
26.5408077007
26.5393774668
26.5709241253
