[[  5.43323642e-01   7.40938267e-02   4.39452720e-02   1.74378818e-02]
 [  3.40968327e-01   9.41501392e-02   2.71926241e-02   1.57198721e-01]
 [  5.43500792e-01   2.95960309e-02   4.39531398e-02   1.71705250e-02]
 [  1.29634315e+00   9.69243946e-02   2.72223065e-02   6.57289268e-01]
 [  6.13738737e-01   4.80583775e-02   4.01172902e-02   1.42133733e-01]
 [  1.20701397e+00   9.01597754e-02   4.05478162e-02   7.24765669e-01]
 [  1.07982291e-01   8.08231884e-02   4.41086988e-02   8.19473602e-02]
 [  5.85769933e-01   2.39372836e-02   1.90671223e-02   2.60684203e-01]
 [  7.71793447e-01   9.72343830e-02   4.09438802e-02   4.92635180e-02]
 [  3.29804908e-01   6.33456558e-02   4.56422534e-02   3.72033146e-01]
 [  1.97265993e-01   9.67617885e-02   3.91790149e-02   7.41903253e-01]
 [  8.41703594e-02   5.48911797e-02   4.64113230e-02   4.01498061e-01]
 [  2.58724425e-01   8.13849882e-02   1.08757854e-02   6.63476360e-01]
 [  1.02436959e-01   4.87652913e-02   3.87838493e-02   2.97207575e-01]
 [  1.97184627e-01   6.35381812e-02   1.20190695e-03   1.06314434e-01]
 [  5.71346720e-01   6.00567072e-02   2.70158359e-02   9.57027841e-01]
 [  1.39207183e+00   9.54685478e-02   4.30366128e-02   4.24604696e-01]
 [  8.47684717e-01   6.31730261e-02   1.62301724e-02   2.00995660e-01]
 [  8.43250554e-01   9.55311251e-02   3.18090257e-02   8.73083862e-01]
 [  1.26358764e+00   2.74552386e-02   4.13025934e-02   9.13230455e-01]
 [  1.99999927e+00   6.35377853e-02   3.05539837e-02   1.06322213e-01]
 [  1.29833795e-02   7.53292501e-02   2.86834207e-02   8.06540560e-01]
 [  2.81198526e-01   2.82755181e-02   2.96206973e-02   8.14420543e-01]
 [  1.09115632e+00   9.45513292e-02   2.50992338e-02   4.85250940e-01]
 [  5.12704768e-01   8.07047491e-02   2.07939261e-02   4.75461335e-01]
 [  9.20839829e-01   6.73417580e-02   2.96207780e-02   4.51499761e-01]
 [  1.83441984e-06   5.76501197e-08   2.50952995e-02   1.06298594e-01]
 [  1.10057950e+00   9.99997167e-02   3.18080017e-02   2.61641504e-01]
 [  8.47696131e-01   9.05645393e-02   4.99999131e-02   4.85262544e-01]
 [  1.03773850e-01   4.69400643e-02   2.21405450e-02   5.63945183e-01]
 [  9.97966033e-01   5.12150373e-02   2.21405281e-02   3.68397061e-01]
 [  1.20530517e+00   9.38506620e-02   1.01872208e-02   2.63275006e-01]
 [  8.05202612e-01   5.67514059e-02   3.89610788e-02   2.59120038e-01]
 [  1.05847908e+00   6.15545557e-02   3.52679840e-02   1.13174972e-01]
 [  1.67532898e+00   8.96701860e-02   3.66109774e-02   4.49997191e-01]
 [  7.19983890e-01   5.23767228e-02   1.12492551e-02   4.58595653e-02]
 [  3.47343522e-01   3.72510983e-02   2.57341166e-02   7.81435551e-01]
 [  1.05182167e+00   5.31400250e-02   4.28018392e-02   9.65276659e-01]
 [  6.35025620e-01   2.36945379e-02   1.15979158e-02   2.38416320e-01]
 [  6.15007288e-01   5.76617380e-02   4.26728091e-02   7.80802467e-01]
 [  2.00615171e-01   5.84177341e-03   4.78474336e-02   6.80143508e-01]
 [  1.66547252e-01   4.42482867e-02   2.49788918e-03   9.01287927e-01]
 [  1.65264418e+00   4.55407626e-02   7.00145273e-03   3.48738239e-01]
 [  9.97965703e-01   9.26021907e-02   2.21406195e-02   2.70779260e-07]
 [  7.00897976e-01   5.12152996e-02   3.05540439e-02   5.16206117e-01]
 [  6.50661634e-01   5.31402381e-02   2.21404869e-02   2.38417827e-01]
 [  9.97967465e-01   9.41508778e-02   3.66111133e-02   8.06538040e-01]
 [  1.20528511e+00   9.38502658e-02   2.86831036e-02   3.68404849e-01]
 [  1.01334249e+00   5.76615602e-02   2.07940432e-02   4.68585448e-01]
 [  9.71971156e-01   5.75231748e-02   2.10030512e-02   5.40882064e-01]
 [  9.62173504e-01   5.61569390e-02   2.01101256e-02   4.93234376e-01]
 [  1.02325085e+00   6.38779536e-02   2.05096936e-02   5.27349542e-01]
 [  1.03610393e+00   5.61002878e-02   2.07625325e-02   5.63649875e-01]
 [  9.88105936e-01   5.89417595e-02   2.14815819e-02   5.03714797e-01]
 [  9.72133120e-01   6.24817847e-02   2.10033060e-02   4.77971523e-01]
 [  1.00455449e+00   5.76614255e-02   2.32838181e-02   5.26696742e-01]
 [  9.02144413e-01   5.76621349e-02   2.05097274e-02   5.11399982e-01]
 [  9.96806288e-01   5.85430029e-02   1.96227467e-02   5.37052754e-01]
 [  9.88105076e-01   5.75231937e-02   2.00593040e-02   4.38378106e-01]
 [  1.01298825e+00   5.23766301e-02   2.12364012e-02   5.34943722e-01]
 [  1.01334285e+00   7.07707564e-02   2.13969223e-02   5.37065289e-01]
 [  1.01521796e+00   5.73972331e-02   1.89827779e-02   4.97659862e-01]
 [  1.02094823e+00   5.82353428e-02   2.11001928e-02   4.93752082e-01]
 [  1.00934623e+00   5.43337261e-02   1.93957780e-02   5.02150387e-01]
 [  9.99868726e-01   5.40744482e-02   1.83291530e-02   5.00383465e-01]
 [  1.00612060e+00   5.04711230e-02   1.93804595e-02   5.00383528e-01]
 [  9.79533241e-01   5.14900723e-02   1.92931522e-02   5.01579189e-01]
 [  1.00934644e+00   4.93746341e-02   1.97440479e-02   5.02154330e-01]
 [  1.00194039e+00   4.85148028e-02   1.93957744e-02   4.98438395e-01]
 [  1.00890572e+00   4.97406334e-02   1.91859736e-02   4.89547773e-01]
 [  1.01825177e+00   4.98840732e-02   1.94539294e-02   5.05420854e-01]
 [  1.00243330e+00   4.99568955e-02   2.06495663e-02   4.97661072e-01]
 [  9.93427969e-01   4.95147958e-02   1.94002405e-02   4.96447334e-01]
 [  1.00890669e+00   5.08775149e-02   1.96572796e-02   4.97269662e-01]
 [  1.00890509e+00   4.06133806e-02   1.96573385e-02   4.97661735e-01]
 [  1.00890406e+00   5.01674535e-02   1.98819548e-02   4.98438530e-01]
 [  1.00193988e+00   5.02729648e-02   1.96947274e-02   4.91353714e-01]
 [  1.00505725e+00   4.97767145e-02   1.96521456e-02   4.98785154e-01]
 [  1.00301879e+00   5.08070545e-02   1.99216123e-02   5.03373135e-01]
 [  1.01007435e+00   5.07087614e-02   2.02820952e-02   4.98785075e-01]
 [  1.00543686e+00   5.11161811e-02   1.98152053e-02   4.95553564e-01]
 [  1.00331775e+00   5.33349469e-02   1.97884410e-02   4.97361797e-01]
 [  1.00076828e+00   5.09643344e-02   1.97791508e-02   4.99271742e-01]
 [  1.00397569e+00   5.06762642e-02   1.98133975e-02   5.20306033e-01]
 [  1.00302934e+00   5.11673164e-02   1.95282406e-02   4.98333127e-01]
 [  1.00507610e+00   5.08636432e-02   1.98596644e-02   4.86412116e-01]
 [  1.00731963e+00   5.07648636e-02   1.95745727e-02   4.95099323e-01]
 [  1.00718379e+00   5.17731831e-02   1.99405734e-02   4.96822646e-01]
 [  1.00175242e+00   5.05830293e-02   1.98465383e-02   4.96822709e-01]
 [  1.00657179e+00   4.90297856e-02   1.99248514e-02   4.97161219e-01]
 [  1.00416045e+00   5.00349073e-02   1.99919875e-02   4.96098296e-01]
 [  1.00686510e+00   5.00073319e-02   1.97625432e-02   4.96742064e-01]
 [  1.00732313e+00   5.10134540e-02   1.99807555e-02   4.97751169e-01]
 [  1.01125477e+00   5.03916473e-02   1.99366857e-02   4.95926639e-01]
 [  1.00475287e+00   5.09243624e-02   1.88416346e-02   4.96148484e-01]
 [  1.00122474e+00   4.99045798e-02   1.99456656e-02   4.94733101e-01]
 [  1.00804844e+00   4.98414555e-02   1.98332036e-02   4.96098293e-01]
 [  1.00416159e+00   4.76523946e-02   1.99407803e-02   4.96824043e-01]
 [  1.00416330e+00   5.07395493e-02   1.99042305e-02   4.97272423e-01]
 [  1.00545951e+00   5.03175496e-02   2.00360375e-02   4.96993712e-01]
 [  1.00000560e+00   5.00933649e-02   1.96020774e-02   4.97074638e-01]
 [  1.00834313e+00   5.06391478e-02   1.99564978e-02   4.99622848e-01]
 [  1.00275392e+00   4.96671525e-02   2.00154128e-02   4.95501024e-01]
 [  1.00380435e+00   5.08466514e-02   2.01445062e-02   4.95749131e-01]
 [  1.01429934e+00   5.08064783e-02   2.00011780e-02   4.96821290e-01]
 [  1.00413498e+00   5.05112441e-02   1.97781358e-02   4.94904552e-01]
 [  1.00598582e+00   5.13471222e-02   1.98943976e-02   4.96292435e-01]
 [  1.00348612e+00   5.03315718e-02   1.98644401e-02   4.95347405e-01]
 [  1.00577970e+00   5.06952952e-02   1.97212335e-02   4.95870720e-01]
 [  1.00567291e+00   5.08923626e-02   1.99151584e-02   4.95236643e-01]
 [  1.00277076e+00   5.02264923e-02   1.99479896e-02   4.96371427e-01]
 [  1.00402497e+00   4.96134986e-02   1.99419139e-02   4.96633057e-01]
 [  1.00317843e+00   4.99315365e-02   1.98000169e-02   4.96484211e-01]
 [  1.00668314e+00   5.04243563e-02   1.99928927e-02   4.96408177e-01]
 [  1.00598225e+00   4.97253466e-02   1.99641198e-02   4.97269504e-01]
 [  1.00233781e+00   5.07813695e-02   1.97539954e-02   4.96097917e-01]
 [  1.00753839e+00   5.02891714e-02   1.99217608e-02   4.95715365e-01]
 [  1.00427806e+00   5.02448803e-02   1.98436932e-02   5.01031985e-01]
 [  1.00422834e+00   5.01974670e-02   1.96778404e-02   4.95501529e-01]
 [  1.00643693e+00   5.00522140e-02   1.98478783e-02   4.94204898e-01]
 [  1.00530634e+00   4.99792998e-02   1.98552804e-02   4.95809410e-01]
 [  1.00634216e+00   5.02614483e-02   1.98222112e-02   4.97939867e-01]
 [  1.00641996e+00   5.02415129e-02   2.00108877e-02   5.06908252e-01]
 [  1.00276949e+00   5.00348390e-02   1.99405877e-02   5.42068490e-01]
 [  1.00643728e+00   5.02592828e-02   2.09429542e-02   4.95919606e-01]
 [  1.05181468e+00   5.03063937e-02   1.98478355e-02   4.96371455e-01]
 [  1.00415982e+00   5.22433451e-02   1.98230971e-02   4.96371492e-01]
 [  1.00460091e+00   5.03630074e-02   1.98205778e-02   4.94405763e-01]
 [  1.00707649e+00   5.08523687e-02   1.98399119e-02   4.99058674e-01]
 [  1.00693270e+00   5.06736942e-02   1.98724260e-02   4.96262011e-01]
 [  1.00389921e+00   5.09481003e-02   1.98497142e-02   4.96342662e-01]
 [  1.00495118e+00   5.00543623e-02   1.98093823e-02   4.97524305e-01]
 [  1.00538913e+00   5.02336701e-02   1.94807856e-02   4.96659440e-01]
 [  1.00685834e+00   4.95536013e-02   1.98123727e-02   4.95836684e-01]
 [  1.00363345e+00   5.06852623e-02   1.99290129e-02   4.98018868e-01]
 [  1.00750227e+00   4.99899730e-02   2.00686983e-02   4.97441990e-01]
 [  1.00444536e+00   4.98785269e-02   1.98731073e-02   4.97889269e-01]
 [  1.00632282e+00   5.05555507e-02   1.99479958e-02   4.95660704e-01]
 [  1.00288027e+00   5.00230948e-02   1.98906175e-02   4.96993479e-01]
 [  1.00623691e+00   5.03504085e-02   1.98971660e-02   4.97627789e-01]
 [  1.00718330e+00   5.00520318e-02   1.99007178e-02   5.00632794e-01]
 [  1.00948073e+00   5.06999391e-02   1.98427070e-02   4.95675206e-01]
 [  1.00623594e+00   5.07165167e-02   1.97858301e-02   4.96966183e-01]
 [  1.00293518e+00   5.06615196e-02   1.98305276e-02   4.97594066e-01]
 [  1.00579736e+00   5.03798782e-02   1.98436938e-02   4.98111037e-01]
 [  1.00584610e+00   5.04575174e-02   1.98695971e-02   4.96912112e-01]
 [  1.00583210e+00   5.00134809e-02   1.98712152e-02   4.92844606e-01]
 [  1.00609823e+00   4.99571555e-02   1.99233493e-02   4.96924326e-01]
 [  9.98271728e-01   5.00190035e-02   1.98695989e-02   4.97692247e-01]
 [  1.00575127e+00   5.02971293e-02   1.98764195e-02   4.97420652e-01]
 [  1.00584594e+00   5.08304109e-02   1.98616524e-02   4.97797085e-01]
 [  1.00406250e+00   5.04040353e-02   1.98754579e-02   4.95700858e-01]
 [  1.00486254e+00   5.04791414e-02   1.98868786e-02   4.96193562e-01]
 [  1.00486317e+00   4.96538467e-02   1.98695994e-02   4.97127278e-01]
 [  1.00583237e+00   4.87613629e-02   1.98436898e-02   4.96249287e-01]
 [  1.00431227e+00   5.04482518e-02   1.99480502e-02   4.97698810e-01]
 [  1.00624814e+00   5.04854298e-02   1.98569676e-02   4.97344260e-01]
 [  1.00574713e+00   5.04685748e-02   1.99738141e-02   4.95586444e-01]
 [  1.00620494e+00   5.07536967e-02   1.98781579e-02   4.96580522e-01]
 [  1.00587387e+00   5.04791313e-02   1.98068136e-02   5.02556406e-01]
 [  1.00427810e+00   4.92545148e-02   1.98868532e-02   4.95748928e-01]
 [  1.00441588e+00   5.00144488e-02   1.99328136e-02   4.96228207e-01]
 [  1.00468123e+00   5.02810855e-02   1.98539593e-02   4.96890519e-01]
 [  1.00427813e+00   5.03088688e-02   1.98706441e-02   4.98168170e-01]
 [  1.00511783e+00   5.03039078e-02   1.99512185e-02   4.96865018e-01]
 [  1.00427791e+00   5.02836322e-02   1.98888379e-02   4.93898351e-01]
 [  1.00868703e+00   5.03124874e-02   1.98539593e-02   4.96193453e-01]
 [  1.00471048e+00   5.07066041e-02   1.98712132e-02   4.95092229e-01]
 [  1.00427981e+00   5.03433803e-02   1.98373631e-02   4.96896104e-01]
 [  1.00498008e+00   5.04595479e-02   1.98478765e-02   4.98221964e-01]
 [  1.00555659e+00   5.04977603e-02   1.98724419e-02   4.96890485e-01]
 [  1.00437000e+00   5.08717300e-02   1.98845909e-02   4.96890321e-01]
 [  1.00307389e+00   5.02810657e-02   1.98421271e-02   4.96009747e-01]
 [  1.00919547e+00   5.04759941e-02   1.99131102e-02   4.98076120e-01]
 [  1.00562376e+00   5.00284398e-02   1.98586314e-02   4.96462393e-01]
 [  1.00649099e+00   5.06933548e-02   1.96325575e-02   4.97520915e-01]
 [  1.00486253e+00   5.02493815e-02   2.00154048e-02   4.97255738e-01]
 [  1.00567460e+00   5.03088275e-02   1.98480066e-02   4.99330215e-01]
 [  1.00571138e+00   5.07648571e-02   1.99438179e-02   4.98289666e-01]
 [  1.00468057e+00   5.01234665e-02   1.98437579e-02   4.95675340e-01]
 [  1.00481784e+00   5.02995898e-02   1.97931207e-02   4.95528480e-01]
 [  1.00554275e+00   5.06179673e-02   1.98534463e-02   4.97286507e-01]
 [  1.00268667e+00   5.03571123e-02   1.98706427e-02   4.97286886e-01]
 [  1.00634084e+00   5.12345916e-02   1.98436958e-02   4.96965533e-01]
 [  1.00516928e+00   5.05289388e-02   1.98533966e-02   4.97661203e-01]]
[ 33.14255331  36.57430512  40.54747713  28.85231242  32.35343284 27.30167056  35.69778939  29.00231891  34.04928825  32.59055305 37.39375645  36.59348384  87.85292827  36.26790226  35.839166 37.56581272  29.41277759  27.44672005  22.40718974  64.5385082 40.33363382  36.64825144  35.95267267  18.5742317   34.45554748 19.96734687  67.25766801  28.6376794   29.97681299  34.19329702 15.88010651  29.85029405  28.68744336  31.97343644  32.40065017 29.43150971  39.16766274  31.6167657   35.15810881  22.38448774 43.48035207  63.32250188  88.0469114   32.42853868  22.71671933 28.21401326  25.83745265  23.1917723    6.29748404   5.92459558 7.49220988   8.06076572  11.77401779   6.85252884  10.58545562 9.25967949  12.76900371   5.98137527  10.55501233   6.86827041 10.74411355   4.04302125   5.91553549   2.48063638   4.92283682 1.28041053   3.96574211   1.47363948   2.05146055   1.97777929 2.55581088   1.68607963   2.31776156   0.48564304   8.7688368 0.68865139   1.25436472   0.80298837   0.74400852   1.52320647 0.5851269    2.0853224    0.7521934    2.9336932    1.11883458 1.48814965   0.66897772   0.99444822   0.52738573   1.03363219 0.296433     0.4409437    0.66718063   0.72318849   2.76403514 0.6025081    0.5394483    1.91762298   0.34962526   0.4363478 1.12568588   0.78490022   0.48049024   0.82380643   1.20949704 0.52241933   0.70244623   0.39187297   0.42752818   0.47749901 0.26910775   0.45857679   0.46220498   0.41730676   0.54731801 0.73390235   0.31670026   0.49398899   0.66168725   0.36023976 0.30831514   0.30695478   1.54880678   5.76719558   2.59547599 5.28808188   1.36742241   0.44329729   0.5065927    0.24971475 0.54720842   0.31463985   1.03449952   0.66914229   0.33451364 0.76330653   0.3370958    0.31992168   0.24101827   0.26580449 0.79955183   0.33304503   0.277878     0.40644663   0.24368211 0.1446791    0.52051122   0.37363443   0.6596405    0.18506507 0.35626874   0.2968743    0.19895607   0.49334108   1.18824406 0.21704684   0.19964508   0.33743273   0.29617211   0.80127911 0.75314531   0.23917781   0.139559     0.14180102   0.211711 0.47417847   0.35925646   0.43081066   0.19631812   0.20576516 0.15091292   0.43340437   0.38147307   0.64887281   0.26837461 0.5593427    0.34624555   0.38959541   0.44427709   0.28425547 0.34388842   0.21460366   0.26460691   0.57926622   0.18760225]
======================0.13955899575======================182======================0.144426876369======================
